[main]
graham cluley = 2022-09-16T14:34:33
threatpost = 2022-08-31T12:57:48
krebs on security = 2022-09-16T17:55:25
dark reading = 2022-09-16T20:37:57
we live security = 2022-09-15T09:30:50
davinci forensics = 2022-08-20T08:50:36
cisco = 2022-09-12T16:28:01
information security magazine = 2022-09-17T14:30:00
google = 2022-09-13T16:59:00
trend micro = 2022-09-14T00:00:00
bleeping computer = 2022-09-18T20:23:07
proof point = 2022-09-14T16:15:17
us-cert cisa = 2022-09-14T15:00:00
hacker news = 2022-09-17T08:53:00
schneier on security = 2022-09-16T21:01:19
ncsc = 2022-09-01T23:00:00
center of internet security = 2022-09-13T21:44:39
binary defense = 2022-09-14T13:07:23
securelist = 2022-09-15T08:00:14
checkpoint research = 2022-09-12T13:49:13
virusbulletin = 2021-12-08T12:42:00
modexp = 2022-08-22T01:00:00
james forshaw = 2022-07-17T04:49:00
adam chester = 2022-07-09T23:00:00
microsoft security = 2022-09-07T20:56:09
recorded future = 2022-09-16T00:00:00
sentinelone = 2022-09-16T14:47:17
government information security news = ?
suncrypt = 2022-06-18 02:21:01.442528
lockbit2 = 2022-06-28 14:02:38.510305
arvinclub = 2022-04-21 17:36:07.558909
quantum = 2022-09-02 00:51:08.683366
alphv = 2022-09-17 19:21:08.547348
lorenz = 2022-09-16 19:12:42.721406
avoslocker = 2021-09-26 12:46:17.809549
avaddon = 2021-09-09 23:46:54.365433
xinglocker = 2021-10-26 13:56:17.766530
ragnarlocker = 2022-09-12 20:52:37.642477
clop = 2022-08-30 18:54:57.987506
revil = 2022-09-01 10:45:01.306893
everest = 2022-09-15 01:01:59.422429
ragnarok = 2021-12-30 10:10:45.033137
conti = 2022-06-07 18:40:06.936435
pysa = 2021-12-06 19:13:37.934057
nefilim = 2021-09-09 23:46:57.082905
mountlocker = 2022-02-08 14:26:33.620994
babuklocker = 2021-09-09 23:46:57.346780
ransomexx = 2022-09-03 12:48:09.496429
cuba = 2022-08-30 12:51:41.171728
pay2key = 2021-09-09 23:46:57.658522
azroteam = 2021-09-09 23:46:57.808630
lockdata = 2021-09-09 23:46:57.869876
blacktor = 2021-12-30 10:10:48.121036
darkleakmarket = 2022-05-25 18:38:22.481043
blackmatter = 2021-11-04 16:05:45.602653
payloadbin = 2022-01-06 13:27:28.356983
groove = 2021-10-30 10:25:18.268983
bonacigroup = 2021-12-06 23:55:58.986303
blackbyte = 2022-09-11 16:58:22.886025
karma = 2021-10-04 09:45:12.384002
spook = 2021-10-19 18:49:19.466913
lv = 2022-08-25 12:58:41.426059
sabbath = 2022-02-28 18:25:03.577007
snatch = 2022-08-17 22:55:41.897906
midas = 2022-04-14 23:25:05.809224
robinhood = 2021-12-06 19:59:27.781350
marketo = 2022-02-14 20:32:48.096765
rook = 2022-01-08 10:19:00.640637
cryp70n1c0d3 = 2021-12-18 16:06:44.345558
hiveleak = 2022-09-15 20:58:01.110223
blackshadow = 2021-12-18 16:06:44.948812
mosesstaff = 2021-12-18 16:06:45.338411
atomsilo = 2021-12-21 20:28:18.355635
nightsky = 2022-01-04 19:14:52.100985
vicesociety = 2022-09-04 23:01:42.119565
pandora = 2022-03-30 19:26:24.820390
stormous = 2022-05-09 20:30:39.007872
leaktheanalyst = 2022-03-29 16:52:32.802514
kelvinsecurity = 2022-05-24 20:35:19.562212
blackbasta = 2022-09-08 15:15:54.275243
onyx = 2022-08-05 15:07:48.687119
mindware = 2022-05-05 13:42:39.179439
ransomhouse = 2022-08-09 21:04:50.311476
cheers = 2022-09-14 11:00:11.961979
lockbit3 = 2022-09-17 06:52:09.761555
yanluowang = 2022-08-10 16:48:46.051826
0mega = 2022-09-15 12:59:09.472386
bianlian = 2022-09-13 22:52:40.573689
redalert = 2022-09-13 18:51:13.233563
redcanary = 2022-09-15T15:01:28
daixin = 2022-09-13 01:04:54.204845
babuk = 2021-09-09 23:46:57.346780
att = 2022-09-15T10:00:00
reuters = ?
icefire = 2022-08-20 09:50:02.102837
donutleaks = 2022-09-01 16:50:37.273582
sparta = 2022-09-14 11:00:19.146782
reuters big picture = 2021-12-20T14:58:18
reuters tech = 2022-09-15T18:31:00
reuters business & finance = 2022-09-14T17:58:00

